0.001 64 0.4
0.001 64 0.04
0.001 64 0.004
0.001 64 0.0004
0.001 128 0.4
0.001 128 0.04
0.001 128 0.004
0.001 128 0.0004
0.001 256 0.4
0.001 256 0.04
0.001 256 0.004
0.001 256 0.0004
0.0001 64 0.4
0.0001 64 0.04
0.0001 64 0.004
0.0001 64 0.0004
0.0001 128 0.4
0.0001 128 0.04
0.0001 128 0.004
0.0001 128 0.0004
0.0001 256 0.4
0.0001 256 0.04
0.0001 256 0.004
0.0001 256 0.0004
0.00001 64 0.4
0.00001 64 0.04
0.00001 64 0.004
0.00001 64 0.0004
0.00001 128 0.4
0.00001 128 0.04
0.00001 128 0.004
0.00001 128 0.0004
0.00001 256 0.4
0.00001 256 0.04
0.00001 256 0.004
0.00001 256 0.0004
0.000001 64 0.4
0.000001 64 0.04
0.000001 64 0.004
0.000001 64 0.0004
0.000001 128 0.4
0.000001 128 0.04
0.000001 128 0.004
0.000001 128 0.0004
0.000001 256 0.4
0.000001 256 0.04
0.000001 256 0.004
0.000001 256 0.0004
